% 05-Apr-2021 21:20:59, created by disp_th_moments.m 
 
\begin{center}
\begin{longtable}{lccccccc} 
\caption{MATRIX OF CORRELATIONS}\\
 \label{Table:th_corr_matrix}\\
\toprule 
$Variables  $	 & 	 $   \xi^m_t$	 & 	 $   kk\_lag$	 & 	 $        y_t$	 & 	 $          c$	 & 	 $        r_t$	 & 	 $     \pi_t$	 & 	 $        i_t$\\
\midrule \endfirsthead 
\caption{(continued)}\\
 \toprule \\ 
$Variables  $	 & 	 $   \xi^m_t$	 & 	 $   kk\_lag$	 & 	 $        y_t$	 & 	 $          c$	 & 	 $        r_t$	 & 	 $     \pi_t$	 & 	 $        i_t$\\
\midrule \endhead 
\midrule \multicolumn{8}{r}{(Continued on next page)} \\ \bottomrule \endfoot 
\bottomrule \endlastfoot 
$\xi^m_t    $	 & 	     1.0000	 & 	     0.0000	 & 	    -0.9975	 & 	    -0.3643	 & 	     0.3643	 & 	    -0.9279	 & 	     0.3643 \\ 
$kk\_lag    $	 & 	     0.0000	 & 	     1.0000	 & 	     0.0662	 & 	     0.8673	 & 	    -0.8673	 & 	    -0.3471	 & 	    -0.8673 \\ 
$y_t        $	 & 	    -0.9975	 & 	     0.0662	 & 	     1.0000	 & 	     0.4296	 & 	    -0.4296	 & 	     0.8991	 & 	    -0.4296 \\ 
$c          $	 & 	    -0.3643	 & 	     0.8673	 & 	     0.4296	 & 	     1.0000	 & 	    -1.0000	 & 	    -0.0090	 & 	    -1.0000 \\ 
$r_t        $	 & 	     0.3643	 & 	    -0.8673	 & 	    -0.4296	 & 	    -1.0000	 & 	     1.0000	 & 	     0.0090	 & 	     1.0000 \\ 
$\pi_t      $	 & 	    -0.9279	 & 	    -0.3471	 & 	     0.8991	 & 	    -0.0090	 & 	     0.0090	 & 	     1.0000	 & 	     0.0090 \\ 
$i_t        $	 & 	     0.3643	 & 	    -0.8673	 & 	    -0.4296	 & 	    -1.0000	 & 	     1.0000	 & 	     0.0090	 & 	     1.0000 \\ 
\end{longtable}
 \end{center}
% End of TeX file.
