Starting preprocessing of the model file ...
Found 16 equation(s).
Evaluating expressions...done
Computing static model derivatives (order 1).
Computing dynamic model derivatives (order 2).
Processing outputs ...
done
Preprocessing completed.

MODEL SUMMARY

  Number of variables:         16
  Number of stochastic shocks: 3
  Number of state variables:   4
  Number of jumpers:           2
  Number of static variables:  10


MATRIX OF COVARIANCE OF EXOGENOUS SHOCKS
Variables       eepsM     eepsD     eepsR
eepsM        0.000100  0.000000  0.000000
eepsD        0.000000  0.000100  0.000000
eepsR        0.000000  0.000000  0.000100

POLICY AND TRANSITION FUNCTIONS
                                xxiM            xxiD            xxiR               y             ppi              nr               r             rRF          defExp          recExp
xxiM(-1)                    0.500000               0               0       -0.490167       -0.499874       -0.004872        0.249860        0.245084               0               0
xxiD(-1)                           0        0.500000               0        0.003002        0.003062        0.003092       -0.004514       -0.001501        0.500000               0
xxiR(-1)                           0               0        0.500000       -0.001949       -0.001987       -0.002007        0.002930        0.000974               0        0.500000
eepsM                       0.010000               0               0       -0.009803       -0.009997       -0.000097        0.004997        0.004902               0               0
eepsD                              0        0.010000               0        0.000060        0.000061        0.000062       -0.000090       -0.000030        0.010000               0
eepsR                              0               0        0.010000       -0.000039       -0.000040       -0.000040        0.000059        0.000019               0        0.010000


THEORETICAL MOMENTS
VARIABLE         MEAN  STD. DEV.   VARIANCE
xxiM           0.0000     0.0001     0.0000
xxiD           0.0000     0.0001     0.0000
xxiR           0.0000     0.0001     0.0000
y              0.0000     0.0001     0.0000
ppi            0.0000     0.0001     0.0000
nr             0.0000     0.0000     0.0000
r              0.0000     0.0001     0.0000
rRF            0.0000     0.0001     0.0000
defExp         0.0000     0.0001     0.0000
recExp         0.0000     0.0001     0.0000



VARIANCE DECOMPOSITION (in percent)
           eepsM   eepsD   eepsR
xxiM      100.00    0.00    0.00
xxiD        0.00  100.00    0.00
xxiR        0.00    0.00  100.00
y          99.99    0.00    0.00
ppi        99.99    0.00    0.00
nr         63.59   25.62   10.79
r          99.95    0.03    0.01
rRF        99.99    0.00    0.00
defExp      0.00  100.00    0.00
recExp      0.00    0.00  100.00



MATRIX OF CORRELATIONS
Variables      xxiM    xxiD    xxiR       y     ppi      nr       r     rRF  defExp  recExp
xxiM         1.0000  0.0000  0.0000 -1.0000 -1.0000 -0.7974  0.9998  1.0000  0.0000  0.0000
xxiD         0.0000  1.0000  0.0000  0.0061  0.0061  0.5061 -0.0181 -0.0061  1.0000  0.0000
xxiR         0.0000  0.0000  1.0000 -0.0040 -0.0040 -0.3285  0.0117  0.0040  0.0000  1.0000
y           -1.0000  0.0061 -0.0040  1.0000  1.0000  0.8018 -0.9999 -1.0000  0.0061 -0.0040
ppi         -1.0000  0.0061 -0.0040  1.0000  1.0000  0.8018 -0.9999 -1.0000  0.0061 -0.0040
nr          -0.7974  0.5061 -0.3285  0.8018  0.8018  1.0000 -0.8103 -0.8018  0.5061 -0.3285
r            0.9998 -0.0181  0.0117 -0.9999 -0.9999 -0.8103  1.0000  0.9999 -0.0181  0.0117
rRF          1.0000 -0.0061  0.0040 -1.0000 -1.0000 -0.8018  0.9999  1.0000 -0.0061  0.0040
defExp       0.0000  1.0000  0.0000  0.0061  0.0061  0.5061 -0.0181 -0.0061  1.0000  0.0000
recExp       0.0000  0.0000  1.0000 -0.0040 -0.0040 -0.3285  0.0117  0.0040  0.0000  1.0000



COEFFICIENTS OF AUTOCORRELATION
Order          1       2       3       4       5
xxiM      0.5000  0.2500  0.1250  0.0625  0.0313
xxiD      0.5000  0.2500  0.1250  0.0625  0.0313
xxiR      0.5000  0.2500  0.1250  0.0625  0.0313
y         0.5000  0.2500  0.1250  0.0625  0.0313
ppi       0.5000  0.2500  0.1250  0.0625  0.0313
nr        0.5000  0.2500  0.1250  0.0625  0.0312
r         0.5000  0.2500  0.1250  0.0625  0.0313
rRF       0.5000  0.2500  0.1250  0.0625  0.0312
defExp    0.5000  0.2500  0.1250  0.0625  0.0313
recExp    0.5000  0.2500  0.1250  0.0625  0.0313
Total computing time : 0h00m02s
