function out1 = f_eqns(a0,a2,b0,b2,d0,d2,f0,f2)
%F_EQNS
%    OUT1 = F_EQNS(A0,A2,B0,B2,D0,D2,F0,F2)

%    This function was generated by the Symbolic Math Toolbox version 8.6.
%    06-Mar-2021 18:53:14

t2 = b2.^2;
t3 = -a0;
t4 = -a2;
out1 = [t3 == b0.*1.35-a2.*b0.*1.35-b0.*b2.*1.35-b0.*f0+f0.*t3;t3 == f0.*-6.518759018759019e-2-a2.*b0.*1.302613636363636+b0.*d2.*1.353896103896104e-1-a0.*f0.*9.648989898989899e-1+d0.*f0.*1.002886002886003e-1;b0 == a0.*3.760330895221629e-2+d0.*6.983471662554455e-2+b0.*b2.*1.3365+b0.*f0.*9.9e-1-3.223140767332825e-2;d0 == a0.*8.625e-1+f0.*5.5-5.3625;t4 == a2.*-1.0e-1+b2.*1.25-t2.*1.35-a2.*b2.*1.35-b0.*f2+f2.*t3+1.0e-1;t4 == a2.*-9.648989898989899e-2+d2.*1.002886002886003e-2-f2.*6.518759018759019e-2-a2.*b2.*1.302613636363636+b2.*d2.*1.353896103896104e-1-a0.*f2.*9.648989898989899e-1+d0.*f2.*1.002886002886003e-1;b2 == a2.*3.760330895221629e-2+b2.*9.9e-2+d2.*6.983471662554455e-2+t2.*1.3365+b0.*f2.*9.9e-1;d2 == a2.*8.625e-1+f2.*5.5];
